# This best-fit file created in GAMBIT yaml format by pippi v2.1 on Mon Sep  7 08:55:47 2020
# Best-fit log-likelihood: -108.99315669460772

    THDM_physical:
      sba: 0.9202905309244986
      yl2_re_32: 0.011696233738155204
      yu2_re_33: 0.9032232346150346
      yu2_re_32: -3.796740677554099
      mC2: 3262496.1193099692
      tanb: 1.1410611963638027
      yl2_re_22: -0.4175013373479354
      lambda6: 0.0
      lambda7: 0.0
      m12_2: 2848491.9690172574
      mA2: 3262496.1193099692
      mH2: 3262496.1193099692
      mh2: 15650.01
      yd2_im_11: 0.0
      yd2_im_12: 0.0
      yd2_im_13: 0.0
      yd2_im_21: 0.0
      yd2_im_22: 0.0
      yd2_im_23: 0.0
      yd2_im_31: 0.0
      yd2_im_32: 0.0
      yd2_im_33: 0.0
      yd2_re_11: 0.0
      yd2_re_12: 0.0
      yd2_re_13: 0.0
      yd2_re_21: 0.0
      yd2_re_22: 0.0
      yd2_re_23: 0.0
      yd2_re_31: 0.0
      yd2_re_32: 0.0
      yd2_re_33: 0.018025818611606903
      yl2_im_11: 0.0
      yl2_im_12: 0.0
      yl2_im_13: 0.0
      yl2_im_21: 0.0
      yl2_im_22: 0.0
      yl2_im_23: 0.0
      yl2_im_31: 0.0
      yl2_im_32: 0.0
      yl2_im_33: 0.0
      yl2_re_11: 0.0
      yl2_re_12: 0.0
      yl2_re_13: 0.0
      yl2_re_21: 0.0
      yl2_re_23: 0.011696233738155204
      yl2_re_31: 0.0
      yl2_re_33: 0.0
      yu2_im_11: 0.0
      yu2_im_12: 0.0
      yu2_im_13: 0.0
      yu2_im_21: 0.0
      yu2_im_22: 0.0
      yu2_im_23: 0.0
      yu2_im_31: 0.0
      yu2_im_32: 0.0
      yu2_im_33: 0.0
      yu2_re_11: 0.0
      yu2_re_12: 0.0
      yu2_re_13: 0.0
      yu2_re_21: 0.0
      yu2_re_22: 0.0
      yu2_re_23: -3.796740677554099
      yu2_re_31: 0.0
    StandardModel_SLHA2:
      CKM_A: 0.814
      CKM_etabar: 0.353
      CKM_lambda: 0.22537
      CKM_rhobar: 0.117
      GF: 1.1663787e-05
      alpha1: 0.0
      alpha2: 0.0
      alphaS: 0.1181
      alphainv: 127.95
      delta13: 0.0
      mBmB: 4.18
      mCmC: 1.28
      mD: 0.0047
      mE: 0.000510998946
      mMu: 0.105658375
      mNu1: 0.0
      mNu2: 0.0
      mNu3: 0.0
      mS: 0.096
      mT: 173.34
      mTau: 1.77686
      mU: 0.0022
      mZ: 91.1876
      theta12: 0.58376
      theta13: 0.15495
      theta23: 0.76958
